p-value	nDCG
results_withoutmfcc.txt	100.00	70.90	3.32	48.05
results_onlymfcc.txt	70.90	100.00	12.70	76.17
results_allfeatures.txt	3.32	12.70	100.00	31.25
results_freesound.txt	48.05	76.17	31.25	100.00

p-value	acc_0
results_withoutmfcc.txt	100.00	49.61	86.13	0.20
results_onlymfcc.txt	49.61	100.00	25.00	0.20
results_allfeatures.txt	86.13	25.00	100.00	0.20
results_freesound.txt	0.20	0.20	0.20	100.00

p-value	acc_1
results_withoutmfcc.txt	100.00	0.20	0.39	0.20
results_onlymfcc.txt	0.20	100.00	55.47	0.39
results_allfeatures.txt	0.39	55.47	100.00	0.20
results_freesound.txt	0.20	0.39	0.20	100.00

p-value	acc_2
results_withoutmfcc.txt	100.00	0.20	0.39	0.20
results_onlymfcc.txt	0.20	100.00	67.19	0.78
results_allfeatures.txt	0.39	67.19	100.00	0.78
results_freesound.txt	0.20	0.78	0.78	100.00

p-value	av
results_withoutmfcc.txt	100.00	39.84	16.80	3.12
results_onlymfcc.txt	39.84	100.00	37.89	47.66
results_allfeatures.txt	16.80	37.89	100.00	74.22
results_freesound.txt	3.12	47.66	74.22	100.00

